10305     11     22     33     44     55                                                                             
           011500
10001000200030004000500000000000000000000000000000000000000000000
10002000200030004000500000000000000000000000000000000000000000000
10003000200030004000500000000000000000000000000000000000000000000
10004000200030004000500000000000000000000000000000000000000000000
10005000200030004000500000000000000000000000000000000000000000000
10006000200030004000500000000000000000000000000000000000000000000
10007000200030004000500000000000000000000000000000000000000000000
10008000200030004000500000000000000000000000000000000000000000000
10009000200030004000500000000000000000000000000000000000000000000
10010000200030004000500000000000000000000000000000000000000000000
10011000200030004000500000000000000000000000000000000000000000000
10012000200030004000500000000000000000000000000000000000000000000
10013000200030004000500000000000000000000000000000000000000000000
10014000200030004000500000000000000000000000000000000000000000000
10015000200030004000500000000000000000000000000000000000000000000
           021500
10016000200030004000500000000000000000000000000000000000000000000
10017000200030004000500000000000000000000000000000000000000000000
10018000200030004000500000000000000000000000000000000000000000000
10019000200030004000500000000000000000000000000000000000000000000
10020000200030004000500000000000000000000000000000000000000000000
10021000200030004000500000000000000000000000000000000000000000000
10022000200030004000500000000000000000000000000000000000000000000
10023000200030004000500000000000000000000000000000000000000000000
10024000200030004000500000000000000000000000000000000000000000000
10025000200030004000500000000000000000000000000000000000000000000
10026000200030004000500000000000000000000000000000000000000000000
10027000200030004000500000000000000000000000000000000000000000000
10028000200030004000500000000000000000000000000000000000000000000
10029000200030004000500000000000000000000000000000000000000000000
10030000200030004000500000000000000000000000000000000000000000000
           030101
10031000200030004000500000000000000000000000000000000000000000000
00029000200030004000500000000000000000000000000000000000000000000
